26/12/18
20:9:39
T(Th) = 30.87
20.0-28.0
Tmin:21.8
Tmax:30.8
27.00, 25.75, 25.50, 26.25, 27.25, 28.00, 30.25, 30.75, 
26.50, 23.50, 22.50, 23.50, 28.00, 29.00, 28.50, 29.00, 
23.50, 22.00, 22.25, 23.00, 27.25, 29.00, 28.75, 25.25, 
22.50, 22.75, 21.75, 23.25, 26.75, 28.25, 26.25, 24.25, 
23.50, 23.25, 23.50, 23.75, 24.25, 24.25, 24.25, 24.25, 
23.00, 22.75, 22.50, 22.75, 23.50, 23.25, 23.50, 23.50, 
22.50, 22.25, 23.00, 22.75, 23.00, 22.75, 23.00, 23.00, 
22.25, 22.50, 22.00, 22.25, 23.00, 23.25, 23.25, 22.75, 

