27/12/18
21:17:5
T(Th) = 32.13
19.0-25.0
Tmin:22.3
Tmax:27.8
22.25, 24.00, 24.00, 24.25, 22.25, 22.75, 23.50, 23.75, 
23.00, 25.00, 25.50, 25.25, 23.25, 23.00, 23.25, 23.50, 
23.25, 25.00, 26.25, 26.00, 24.00, 23.25, 23.00, 23.25, 
23.25, 24.75, 27.25, 27.50, 26.75, 25.00, 23.25, 23.00, 
23.50, 24.50, 25.75, 27.75, 24.75, 24.50, 24.00, 23.50, 
23.50, 24.50, 25.25, 27.50, 25.25, 24.50, 25.25, 24.50, 
24.00, 24.25, 24.50, 24.50, 25.50, 24.75, 25.25, 25.00, 
25.00, 26.00, 24.50, 24.25, 25.00, 24.75, 25.25, 25.25, 

