15/12/18
20:52:6
T(Th) = 30.06
20.0-28.0
Tmin:23.3
Tmax:30.0
24.75, 27.25, 27.50, 27.25, 27.25, 26.75, 28.25, 26.00, 
25.00, 27.25, 28.25, 27.75, 27.00, 27.25, 27.75, 25.00, 
24.25, 28.00, 28.25, 27.50, 26.75, 27.75, 27.75, 25.00, 
24.50, 27.50, 28.25, 26.75, 26.25, 28.00, 26.75, 25.25, 
23.50, 24.25, 25.00, 28.25, 28.75, 26.00, 25.50, 25.00, 
23.50, 24.50, 24.00, 27.00, 30.00, 25.75, 25.00, 25.00, 
24.00, 24.00, 24.25, 27.25, 29.25, 26.00, 24.75, 25.00, 
23.25, 23.75, 23.75, 24.50, 26.25, 25.00, 24.75, 23.75, 

