15/12/18
20:53:49
T(Th) = 27.81
20.0-28.0
Tmin:21.8
Tmax:30.3
24.00, 24.50, 24.50, 26.00, 27.50, 29.00, 29.75, 29.00, 
24.25, 24.50, 25.25, 27.50, 29.00, 29.75, 30.25, 29.75, 
24.25, 28.00, 28.75, 28.50, 28.00, 27.75, 27.50, 29.25, 
24.25, 26.25, 25.50, 24.25, 24.25, 24.75, 25.50, 28.00, 
23.75, 23.75, 23.25, 24.25, 24.25, 25.00, 26.75, 27.50, 
24.00, 25.25, 23.50, 24.50, 25.75, 26.25, 27.50, 28.75, 
22.75, 23.25, 25.00, 25.00, 26.25, 27.75, 29.50, 30.00, 
21.75, 22.00, 22.25, 22.50, 23.25, 26.25, 29.75, 29.00, 

