15/12/18
20:52:39
T(Th) = 23.94
20.0-28.0
Tmin:18.3
Tmax:28.8
21.25, 21.50, 21.00, 22.25, 23.00, 23.50, 22.75, 22.00, 
21.50, 23.25, 24.50, 25.00, 27.25, 26.50, 27.00, 24.25, 
23.25, 24.75, 26.75, 27.25, 25.75, 26.50, 27.25, 23.25, 
20.25, 26.25, 24.00, 23.75, 27.50, 28.75, 25.50, 22.75, 
18.25, 21.25, 20.00, 21.50, 26.25, 23.50, 22.50, 22.00, 
20.50, 20.50, 20.50, 21.00, 22.50, 21.50, 20.75, 21.75, 
19.25, 20.00, 21.50, 22.00, 21.25, 20.75, 20.75, 21.00, 
19.50, 19.50, 19.75, 20.50, 20.50, 20.75, 20.25, 20.50, 

