15/12/18
20:52:23
T(Th) = 23.81
20.0-28.0
Tmin:20.8
Tmax:29.3
22.25, 22.25, 23.25, 26.25, 26.75, 27.00, 26.75, 23.50, 
21.75, 22.25, 23.50, 24.00, 26.25, 27.75, 28.00, 26.25, 
21.00, 22.25, 26.50, 26.25, 26.75, 26.25, 28.25, 26.75, 
21.50, 22.75, 25.00, 26.50, 27.50, 29.25, 29.00, 26.75, 
22.50, 26.00, 24.50, 28.00, 28.50, 26.75, 26.25, 26.25, 
24.50, 26.75, 27.75, 29.25, 28.75, 24.00, 23.75, 24.00, 
21.00, 22.25, 23.50, 23.50, 23.00, 21.75, 21.00, 22.50, 
20.75, 21.25, 21.00, 21.25, 21.50, 22.00, 21.25, 20.75, 

