15/12/18
20:54:50
T(Th) = 28.06
20.0-28.0
Tmin:21.3
Tmax:29.8
22.50, 22.25, 24.25, 26.75, 26.75, 27.25, 27.00, 26.50, 
24.25, 22.25, 24.00, 27.50, 27.75, 27.25, 27.00, 25.25, 
24.00, 23.00, 24.25, 28.00, 28.00, 28.50, 27.25, 24.00, 
24.25, 23.00, 24.25, 29.00, 29.00, 29.25, 26.00, 23.50, 
22.00, 22.25, 23.00, 27.00, 29.00, 25.00, 23.00, 22.50, 
21.25, 22.00, 22.25, 26.75, 29.75, 23.75, 22.75, 23.00, 
21.50, 21.75, 22.50, 24.25, 26.75, 23.25, 22.25, 22.75, 
21.75, 21.50, 21.75, 22.75, 23.00, 22.75, 22.25, 21.50, 

