27/12/18
20:55:47
T(Th) = 32.13
20.0-25.0
Tmin:22.5
Tmax:26.0
23.00, 22.75, 23.00, 23.00, 23.25, 22.50, 23.50, 23.00, 
22.75, 22.50, 23.50, 23.50, 23.50, 23.25, 23.25, 23.00, 
23.50, 24.00, 25.00, 25.50, 24.75, 24.25, 23.25, 23.25, 
24.00, 25.50, 25.75, 26.00, 25.25, 24.75, 23.75, 23.50, 
24.25, 25.75, 25.50, 25.50, 24.50, 24.00, 23.25, 23.50, 
25.00, 24.50, 24.25, 23.75, 23.25, 23.25, 23.00, 22.75, 
25.25, 23.25, 24.00, 23.50, 23.25, 23.50, 23.75, 22.75, 
25.00, 23.50, 23.00, 23.75, 23.25, 23.00, 23.25, 22.50, 

