15/12/18
20:53:56
T(Th) = 29.94
20.0-28.0
Tmin:23.8
Tmax:28.5
24.25, 24.00, 23.75, 24.25, 24.75, 24.25, 24.50, 24.00, 
23.75, 24.25, 25.00, 25.00, 26.00, 25.00, 24.50, 24.00, 
24.75, 25.00, 25.50, 26.75, 28.50, 26.75, 25.25, 24.75, 
25.00, 25.75, 25.75, 26.50, 26.25, 27.00, 25.50, 26.00, 
24.75, 25.50, 26.00, 26.25, 26.00, 26.25, 25.25, 25.75, 
25.00, 26.00, 26.00, 26.25, 26.50, 26.00, 25.00, 25.25, 
24.75, 25.50, 26.00, 26.50, 26.50, 25.75, 25.50, 26.00, 
24.50, 25.00, 25.00, 25.75, 26.00, 26.25, 25.25, 25.00, 

