15/12/18
20:53:40
T(Th) = 29.87
20.0-28.0
Tmin:22.8
Tmax:30.0
24.00, 26.75, 29.25, 29.75, 29.75, 29.00, 25.50, 25.25, 
23.75, 26.25, 29.75, 30.00, 29.50, 27.25, 24.75, 24.25, 
23.75, 25.50, 29.75, 30.00, 28.75, 26.50, 24.00, 24.00, 
24.00, 25.00, 29.25, 29.50, 27.75, 24.25, 24.00, 24.00, 
23.25, 24.50, 26.00, 27.00, 24.75, 24.25, 24.00, 23.50, 
23.25, 23.50, 23.50, 23.75, 24.25, 23.25, 23.50, 23.75, 
23.00, 23.50, 23.50, 23.50, 23.50, 23.00, 23.75, 24.25, 
22.75, 24.00, 23.50, 24.00, 23.50, 23.50, 23.25, 23.75, 

