15/12/18
20:51:46
T(Th) = 28.69
map 20.0-28.0
Tmin:22.8
Tmax:29.3
23.00, 23.25, 23.75, 24.00, 23.75, 24.50, 25.25, 25.50, 
23.50, 23.50, 24.00, 23.75, 24.00, 24.25, 25.50, 29.25, 
23.50, 23.25, 23.25, 23.25, 23.50, 25.00, 26.25, 27.00, 
24.00, 23.75, 23.50, 23.75, 23.25, 25.25, 26.25, 26.00, 
23.25, 23.75, 22.75, 23.00, 23.75, 24.75, 26.00, 26.25, 
23.50, 24.00, 23.25, 23.50, 23.75, 24.50, 25.75, 26.25, 
25.25, 25.25, 23.75, 24.00, 23.75, 25.00, 25.25, 25.50, 
27.00, 25.75, 23.25, 23.75, 23.50, 24.75, 25.25, 25.00, 

