15/12/18
20:51:53
T(Th) = 28.81
map 20.0-28.0
Tmin:23.3
Tmax:36.0
23.75, 24.00, 25.50, 25.00, 24.00, 24.00, 24.25, 23.50, 
24.50, 24.50, 31.00, 26.50, 24.25, 24.25, 24.25, 24.00, 
24.50, 26.00, 36.00, 27.25, 24.25, 24.75, 24.50, 24.75, 
24.50, 26.50, 35.00, 28.00, 23.50, 24.75, 24.50, 24.25, 
24.00, 24.75, 27.50, 27.25, 23.50, 24.25, 24.50, 24.25, 
23.25, 24.75, 26.25, 26.75, 24.00, 24.50, 24.50, 24.00, 
24.00, 23.75, 26.00, 26.75, 24.00, 24.50, 24.25, 23.75, 
23.25, 24.25, 25.50, 27.00, 24.25, 24.50, 24.25, 23.75, 

