15/12/18
20:52:14
T(Th) = 28.56
map 20.0-26.0
Tmin:21.3
Tmax:26.3
23.75, 23.50, 23.25, 23.25, 23.25, 22.75, 23.75, 23.50, 
23.50, 23.25, 23.25, 23.25, 23.00, 23.25, 23.75, 23.75, 
23.75, 23.50, 23.75, 24.25, 24.00, 23.75, 24.50, 23.75, 
24.50, 24.25, 24.00, 25.25, 26.00, 24.50, 24.25, 25.25, 
21.50, 23.25, 22.50, 25.50, 26.25, 24.50, 24.25, 24.75, 
21.25, 21.75, 22.50, 23.00, 24.50, 23.50, 24.00, 23.50, 
23.00, 23.00, 23.50, 23.25, 23.50, 23.50, 23.50, 24.25, 
23.00, 23.00, 22.75, 23.25, 23.50, 23.50, 23.75, 23.75, 

