15/12/18
20:53:31
T(Th) = 29.81
map 20.0-28.0
Tmin:22.0
Tmax:27.0
24.00, 23.50, 23.25, 23.50, 23.75, 24.25, 25.00, 24.00, 
23.50, 24.00, 24.00, 24.50, 24.25, 24.50, 24.50, 24.75, 
24.00, 24.00, 24.75, 25.75, 24.75, 24.50, 25.50, 24.75, 
22.50, 24.00, 24.00, 27.00, 25.25, 24.25, 25.00, 25.25, 
22.00, 22.75, 23.00, 25.50, 24.50, 24.00, 24.00, 23.75, 
22.75, 23.25, 23.75, 23.25, 23.50, 23.75, 24.00, 24.25, 
23.50, 23.75, 24.00, 23.75, 24.00, 24.00, 24.00, 24.25, 
23.25, 23.75, 23.00, 23.50, 23.50, 23.75, 23.75, 24.00, 

