15/12/18
20:53:10
T(Th) = 29.69
map 20.0-28.0
Tmin:23.0
Tmax:30.8
24.75, 24.75, 25.00, 25.00, 24.50, 24.50, 25.00, 24.25, 
24.25, 24.75, 25.25, 25.25, 25.00, 25.25, 24.50, 24.50, 
26.00, 26.25, 27.75, 27.50, 27.00, 25.25, 25.00, 25.00, 
26.00, 27.75, 28.75, 29.00, 27.25, 25.00, 25.00, 25.75, 
25.50, 28.50, 30.25, 30.75, 29.50, 25.25, 25.00, 24.75, 
24.75, 25.75, 26.50, 27.50, 27.25, 24.25, 23.00, 23.00, 
24.25, 24.25, 24.75, 24.75, 24.75, 23.75, 23.00, 23.00, 
23.50, 24.25, 23.50, 25.00, 24.75, 24.50, 23.50, 23.50, 

