15/12/18
20:37:59
T(Th) = 29.37
map 20.0-28.0
Tmin:24.0
Tmax:30.5
24.75, 24.75, 24.00, 25.00, 25.00, 24.75, 24.75, 24.50, 
24.25, 24.25, 24.75, 24.75, 24.75, 24.75, 24.50, 25.00, 
25.00, 24.25, 24.50, 24.75, 24.75, 24.75, 25.00, 24.75, 
24.75, 24.50, 24.50, 25.00, 25.25, 25.00, 25.50, 25.25, 
25.00, 26.25, 28.00, 28.75, 28.00, 26.50, 26.00, 26.00, 
27.25, 28.25, 30.25, 30.00, 30.25, 29.25, 29.25, 29.25, 
26.50, 27.75, 30.00, 29.00, 29.50, 29.75, 30.00, 29.75, 
26.25, 27.75, 29.00, 29.50, 30.50, 30.25, 30.25, 30.50, 

