15/12/18
20:49:17
T(Th) = 29.25
map 20.0-28.0
Tmin:23.8
Tmax:26.5
25.25, 25.50, 25.25, 25.25, 25.75, 25.25, 25.75, 25.50, 
24.75, 25.00, 25.25, 25.50, 25.50, 25.00, 25.50, 25.75, 
24.50, 24.75, 25.00, 25.25, 25.00, 25.25, 25.50, 25.50, 
25.00, 25.25, 24.75, 25.25, 24.75, 25.00, 25.25, 26.50, 
24.50, 24.75, 24.50, 24.75, 24.75, 25.25, 25.25, 25.00, 
24.75, 25.25, 24.50, 24.50, 25.00, 25.25, 25.25, 26.00, 
24.50, 24.50, 25.25, 25.25, 25.25, 25.25, 25.50, 26.00, 
23.75, 24.75, 24.75, 25.25, 25.00, 25.00, 24.50, 24.50, 

